53000256
7414835
5147262
4127377
4127377
3197743
2789705
2741690
1932825
1620563
1620563
1620563
1620563
1565230
1367456
1263191
1200656
1196683
1058185
789353
748261
695620
644893
577743
570676
538149
528609
506438
505800
482174
479781
476923
449214
424031
422059
394154
394083
377344
361418
359366
344685
340251
325028
320169
315129
296375
288282
275075
256301
255341
242010
240051
232617
225755
222953
218427
211344
203294
200017
194012
186471
178958
177646
176123
171800
171698
167480
163886
162399
161771
161771
161771
161771
161771
161771
161771
161771
161771
161771
161771
161771
161771
161771
161771
161771
161771
161771
161771
161771
161771
161430
156466
152409
149460
147144
146404
144184
142980
138586
137596
136891
135395
134748
134592
133829
133754
132715
130935
130705
125265
122694
118675
115340
115029
114959
113772
111769
110271
109626
100023
97652
95911
95107
94808
94178
93986
92896
89635
89635
89599
86187
85779
85582
84511
84336
84298
83646
83365
83029
81692
81388
80238
80189
79902
79504
78866
77946
77601
77511
77002
76829
76715
76659
75711
74935
74357
73594
72492
71089
68974
68233
67013
66230
66182
65608
65533
65171
63378
63281
63274
62219
62193
62193
62193
62193
62193
62193
62193
62193
62193
62193
62193
62193
62193
62193
62193
62193
62193
62193
62193
61335
61065
60587
60226
59562
58131
57694
55605
54337
53901
53120
53012
52346
52346
52280
51404
50979
50958
49177
48944
48200
47946
47889
47717
47677
47656
47388
46309
46250
44799
44723
44584
44319
43993
43972
43773
42961
42750
42722
42225
42159
42113
41682
41664
41653
41293
41285
40682
40553
40438
39573
39451
38541
38166
37920
37378
37185
37138
36857
36802
35240
35067
34920
34834
34736
34462
34287
34053
33936
33862
33857
33835
33551
33300
33235
32835
32812
32759
32662
32592
32573
32274
31871
31643
31534
31534
31534
31534
31534
31534
31534
31534
31534
31534
31534
31534
31534
31534
31534
31534
31534
31534
31534
31534
31534
31534
31534
31534
31534
31534
31534
31534
31534
31534
31534
31452
31447
31239
30996
30776
30569
30547
30500
30277
29822
29604
29580
29565
29545
29412
29405
29388
29388
28933
28914
28910
28784
28470
28389
28248
28051
28004
27861
27803
27729
27446
27354
27300
27235
26875
26626
26531
26154
26151
26151
26102
26010
25900
25767
25722
25703
25611
25248
25178
24910
24655
24560
24560
24545
24487
24425
24327
24173
24131
24054
24023
23915
23873
23765
23515
23434
22838
22780
22770
22665
22583
22582
22364
22287
22287
22282
22282
22094
21894
21869
21861
21854
21607
21569
21569
21569
21569
21569
21569
21569
21569
21569
21569
21569
21390
21364
21230
21210
21037
20611
20611
20593
20521
20492
20455
20448
20131
19952
19714
19582
19531
19451
19394
19329
19248
19227
19165
19159
19130
19122
19036
19031
18777
18684
18599
18444
18398
18368
18366
18308
18284
18226
18095
18027
17948
17900
17643
17479
17471
17414
17379
17254
17239
17211
17090
17052
17014
16846
16555
16473
16466
16458
16189
16148
16120
16035
16034
15955
15883
15812
15812
15781
15487
15469
15383
15103
14945
14925
14768
14754
14746
14530
14501
14450
14267
14107
14058
14037
13898
13819
13765
13751
13726
13691
13663
13640
13601
13536
13497
13470
13361
13311
13261
13187
13136
13060
12983
12783
12758
12753
12743
12712
12644
12641
12607
12564
12553
12484
12483
12474
12300
12300
12267
12211
12177
12112
12106
12024
11921
11921
11843
11842
11825
11813
11767
11639
11633
11595
11572
11541
11489
11482
11444
11339
11317
11238
11198
11061
11035
11009
10995
10983
10975
10963
10955
10912
10799
10795
10749
10749
10734
10726
10708
10651
10553
10526
10521
10439
10373
10362
10321
10264
10252
10180
10174
10155
10105
10103
10047
9956
9928
9906
9891
9864
9814
9784
9769
9754
9736
9690
9667
9655
9643
9638
9631
9598
9591
9520
9450
9418
9361
9353
9328
9311
9300
9297
9271
9236
9182
9179
9156
9145
9132
9115
9084
9070
9062
8995
8942
8937
8915
8893
8851
8820
8814
8801
8791
8768
8762
8736
8709
8683
8645
8629
8594
8589
8550
8536
8527
8456
8442
8415
8406
8359
8317
8298
8289
8283
8249
8230
8218
8185
8121
8090
8074
8046
7960
7937
7914
7856
7856
7849
7819
7812
7804
7790
7767
7766
7765
7757
7738
7716
7619
7597
7590
7584
7571
7560
7519
7484
7482
7460
7425
7420
7367
7353
7349
7337
7298
7286
7246
7232
7181
7178
7168
7161
7155
7148
7137
7111
7070
7065
7050
7041
7023
6966
6942
6939
6907
6879
6872
6828
6826
6808
6802
6801
6761
6752
6709
6677
6670
6652
6652
6652
6642
6611
6604
6600
6579
6576
6543
6519
6514
6497
6486
6477
6460
6460
6450
6444
6422
6383
6383
6376
6376
6367
6348
6336
6335
6331
6317
6255
6245
6227
6212
6205
6186
6171
6155
6154
6134
6131
6119
6115
6089
6072
6071
6042
6023
6019
6014
6013
5982
5976
5953
5941
5937
5920
5912
5866
5853
5853
5841
5823
5816
5811
5809
5805
5767
5727
5706
5702
5693
5682
5679
5652
5649
5634
5620
5589
5566
5564
5542
5520
5506
5497
5494
5477
5445
5414
5398
5395
5391
5385
5381
5348
5327
5307
5305
5284
5267
5265
5255
5227
5223
5214
5186
5183
5166
5166
5159
5149
5133
5100
5073
5039
5034
5029
4985
4966
4956
4952
4948
4929
4926
4915
4888
4886
4856
4854
4833
4826
4815
4813
4795
4785
4784
4695
4693
4662
4654
4648
4647
4638
4632
4626
4626
4621
4621
4614
4601
4583
4541
4539
4524
4511
4508
4499
4483
4473
4468
4426
4394
4390
4390
4384
4381
4373
4360
4334
4330
4327
4322
4311
4311
4306
4297
4288
4284
4283
4278
4273
4270
4270
4244
4213
4188
4174
4172
4168
4167
4162
4162
4156
4144
4131
4108
4091
4078
4074
4068
4065
4059
4055
4053
4048
4046
4044
4043
4043
4042
4040
4022
4022
4004
3990
3982
3972
3968
3968
3954
3951
3939
3935
3928
3925
3922
3915
3898
3893
3883
3864
3864
3856
3855
3842
3838
3830
3815
3797
3782
3777
3776
3759
3756
3753
3742
3728
3705
3693
3662
3651
3632
3631
3628
3623
3597
3596
3590
3569
3561
3556
3553
3549
3547
3547
3545
3540
3536
3535
3529
3528
3514
3512
3510
3507
3504
3504
3503
3498
3490
3489
3466
3456
3454
3452
3449
3447
3431
3429
3419
3413
3407
3397
3385
3378
3362
3361
3357
3353
3343
3341
3341
3341
3334
3333
3324
3324
3324
3320
3318
3317
3314
3308
3305
3298
3287
3286
3271
3267
3254
3239
3228
3227
3226
3223
3205
3205
3203
3201
3197
3191
3189
3187
3185
3177
3174
3170
3168
3158
3152
3148
3140
3137
3136
3134
3131
3130
3119
3111
3103
3102
3068
3065
3064
3046
3044
3030
3026
3021
3018
3018
3012
3012
3003
2996
2993
2987
2984
2965
2963
2961
2959
2946
2942
2940
2926
2923
2920
2907
2906
2904
2900
2897
2896
2895
2893
2884
2884
2882
2874
2868
2863
2854
2851
2851
2845
2838
2836
2830
2829
2826
2816
2809
2794
2792
2791
2787
2785
2780
2773
2771
2755
2748
2743
2738
2738
2737
2733
2725
2723
2715
2712
2711
2709
2708
2701
2699
2691
2688
2686
2686
2681
2679
2673
2670
2667
2666
2665
2662
2662
2658
2650
2648
2642
2638
2638
2638
2637
2626
2617
2604
2586
2584
2580
2578
2577
2572
2571
2561
2555
2552
2548
2546
2531
2530
2528
2526
2521
2516
2508
2507
2502
2497
2496
2494
2489
2488
2486
2474
2473
2472
2470
2469
2467
2463
2462
2459
2457
2454
2454
2450
2438
2436
2435
2420
2417
2412
2410
2406
2406
2405
2402
2385
2384
2383
2383
2381
2374
2372
2368
2368
2368
2362
2360
2357
2354
2354
2347
2345
2343
2339
2339
2335
2334
2333
2328
2321
2317
2314
2313
2313
2308
2305
2305
2294
2293
2276
2274
2270
2265
2259
2259
2252
2237
2227
2225
2224
2222
2207
2204
2202
2202
2197
2196
2190
2189
2183
2181
2180
2174
2169
2168
2165
2164
2163
2162
2153
2150
2137
2136
2129
2127
2125
2117
2116
2112
2107
2106
2104
2100
2096
2093
2092
2088
2085
2075
2075
2070
2064
2058
2054
2046
2044
2041
2041
2038
2035
2034
2029
2028
2028
2028
2022
2020
2016
2013
2012
2011
2003
2002
2000
1999
1997
1995
1994
1993
1992
1990
1990
1985
1983
1983
1983
1982
1977
1972
1963
1962
1962
1961
1956
1955
1947
1943
1941
1939
1937
1931
1930
1928
1928
1926
1921
1920
1920
1917
1909
1908
1907
1904
1902
1899
1898
1896
1891
1888
1887
1886
1885
1883
1882
1879
1878
1878
1875
1874
1873
1872
1869
1868
1862
1860
1846
1844
1838
1835
1833
1832
1830
1829
1828
1826
1824
1822
1822
1821
1816
1815
1811
1797
1793
1788
1781
1781
1780
1779
1779
1776
1775
1775
1772
1769
1769
1768
1767
1762
1759
1756
1751
1744
1742
1742
1737
1735
1734
1731
1722
1720
1713
1711
1705
1702
1702
1699
1698
1698
1696
1696
1689
1686
1686
1686
1684
1682
1680
1679
1672
1671
1669
1666
1665
1665
1658
1658
1658
1657
1657
1654
1654
1646
1645
1644
1644
1642
1634
1632
1631
1625
1620
1618
1616
1615
1615
1614
1613
1613
1612
1611
1601
1596
1593
1592
1591
1591
1584
1582
1582
1581
1577
1576
1576
1576
1576
1575
1575
1571
1567
1566
1561
1555
1553
1552
1551
1548
1546
1544
1543
1542
1542
1538
1534
1534
1534
1533
1533
1531
1527
1527
1526
1523
1518
1518
1518
1517
1515
1512
1511
1508
1506
1501
1498
1497
1495
1490
1490
1483
1482
1480
1472
1468
1466
1466
1466
1461
1461
1460
1458
1458
1457
1456
1454
1449
1449
1449
1447
1447
1444
1444
1440
1437
1436
1435
1435
1432
1430
1429
1427
1426
1426
1425
1425
1419
1418
1417
1413
1413
1411
1406
1405
1405
1400
1398
1392
1392
1392
1392
1392
1392
1392
1392
1392
1392
1392
1392
1392
1390
1386
1377
1375
1372
1371
1370
1369
1369
1368
1368
1366
1366
1364
1363
1363
1363
1360
1358
1357
1356
1356
1349
1349
1347
1346
1345
1343
1342
1342
1338
1338
1336
1331
1331
1329
1328
1327
1326
1326
1325
1325
1324
1323
1322
1320
1314
1314
1309
1309
1308
1305
1300
1300
1299
1298
1298
1298
1298
1295
1293
1293
1289
1289
1283
1276
1275
1275
1273
1270
1268
1265
1262
1256
1255
1252
1251
1250
1249
1248
1247
1247
1245
1244
1243
1239
1236
1236
1235
1235
1233
1232
1232
1231
1231
1228
1227
1226
1224
1215
1215
1212
1212
1212
1209
1209
1207
1206
1205
1203
1200
1199
1198
1195
1195
1194
1193
1192
1191
1190
1189
1188
1187
1187
1186
1183
1183
1183
1182
1181
1180
1179
1177
1174
1174
1174
1173
1173
1172
1171
1169
1168
1166
1165
1163
1161
1159
1159
1157
1156
1156
1154
1153
1152
1150
1149
1146
1145
1145
1144
1144
1138
1134
1131
1130
1126
1124
1123
1122
1119
1118
1118
1116
1112
1112
1112
1111
1108
1107
1106
1104
1104
1103
1100
1100
1100
1097
1097
1097
1096
1094
1092
1092
1088
1087
1085
1085
1083
1079
1077
1077
1076
1076
1074
1074
1074
1074
1073
1071
1071
1067
1067
1065
1065
1065
1065
1064
1063
1062
1061
1061
1060
1060
1059
1059
1058
1056
1055
1055
1055
1055
1055
1055
1055
1055
1055
1055
1055
1055
1055
1055
1055
1055
1053
1051
1050
1048
1047
1046
1044
1043
1042
1042
1040
1040
1039
1038
1038
1037
1037
1036
1036
1035
1035
1033
1033
1032
1032
1031
1029
1027
1025
1025
1024
1024
1022
1022
1021
1020
1019
1018
1017
1015
1015
1015
1013
1011
1009
1006
1004
1004
1003
1000
999
998
997
996
995
995
995
993
992
991
990
990
990
989
989
984
984
983
982
981
979
977
976
976
973
973
973
972
971
969
968
966
966
965
965
964
964
964
963
963
963
963
962
962
960
960
960
959
959
959
958
958
956
954
953
952
952
950
950
950
949
949
948
948
947
947
945
944
942
941
937
936
936
934
934
933
931
930
928
927
926
925
924
924
921
920
917
917
917
916
915
914
914
913
913
911
910
910
909
907
905
905
904
903
903
902
901
900
898
898
897
894
893
893
892
889
889
888
887
884
882
881
881
881
879
879
878
875
872
872
872
869
868
867
866
866
866
866
864
863
862
862
861
861
861
860
860
859
858
858
857
856
856
851
851
850
849
849
849
847
845
845
843
841
840
840
840
840
839
839
839
836
835
833
833
833
833
832
832
830
830
828
828
827
827
827
827
826
825
823
822
822
822
822
821
821
821
820
817
816
816
816
816
816
816
815
815
815
814
813
811
811
811
811
810
809
809
808
807
807
807
806
805
805
803
803
800
798
797
797
796
796
795
795
795
794
793
793
793
792
792
792
791
791
790
790
789
789
789
787
787
786
786
785
784
784
783
783
781
781
779
779
778
778
776
776
775
773
771
770
770
769
769
768
767
766
766
765
765
765
763
761
761
760
759
758
758
758
758
757
757
756
756
756
755
754
753
750
750
750
749
749
749
748
746
746
745
744
744
744
744
743
743
742
742
742
741
741
740
740
739
738
737
737
736
735
735
731
731
731
729
727
727
726
726
726
726
725
725
724
724
724
724
723
723
723
723
723
722
721
721
720
718
718
718
718
717
717
717
716
715
714
714
712
712
712
711
711
710
708
708
708
708
707
706
706
706
706
706
705
705
704
704
702
701
701
701
701
700
699
699
698
698
697
697
697
696
696
695
693
693
692
692
691
690
690
690
687
687
687
686
684
684
683
683
682
682
680
680
680
680
679
679
679
678
677
677
676
676
676
675
673
669
669
667
666
666
666
664
664
663
663
663
663
663
663
663
660
660
659
659
658
656
656
656
655
654
653
652
652
652
652
650
649
649
648
648
646
646
646
646
645
643
643
642
642
642
641
640
640
640
640
640
639
639
638
637
637
637
637
637
636
636
636
636
636
635
635
635
635
635
634
634
633
633
633
632
632
631
631
630
630
630
630
629
629
629
629
628
628
628
628
628
627
627
627
626
625
625
625
625
625
624
624
624
624
623
623
623
623
622
622
622
621
621
620
620
620
619
618
617
617
616
616
616
616
616
615
615
614
613
609
608
608
607
607
606
606
606
606
606
606
605
603
603
603
603
603
602
602
601
601
601
600
600
600
600
600
600
600
598
598
597
597
596
596
596
595
595
594
593
593
592
592
591
591
591
590
590
589
589
588
588
586
586
585
585
585
585
585
585
585
585
585
585
585
585
585
585
585
585
585
585
584
584
584
584
583
583
583
582
582
581
581
581
580
580
579
579
578
578
577
576
576
576
575
575
575
574
574
574
573
573
573
572
571
571
570
569
568
568
568
568
567
567
567
566
566
565
565
565
565
565
564
562
562
562
561
561
560
559
558
558
557
557
556
556
556
555
555
555
554
554
554
553
552
552
551
550
550
550
550
550
550
549
549
549
548
548
548
548
548
547
546
545
545
545
545
544
543
543
542
542
542
540
540
539
538
538
537
537
537
537
537
536
536
536
536
536
536
536
535
533
533
532
532
532
532
531
531
531
531
530
530
530
530
530
529
529
529
529
529
529
528
528
528
526
526
526
525
525
524
524
524
524
523
523
523
522
522
522
522
522
521
520
520
520
520
520
520
518
518
517
517
516
516
516
515
515
515
514
514
514
514
514
513
513
513
512
512
512
512
511
511
510
510
509
509
508
508
507
506
506
506
505
505
504
504
504
504
502
502
502
502
502
501
501
501
500
500
499
499
499
498
497
496
496
496
495
494
494
493
492
492
491
491
491
490
490
490
490
489
488
488
488
488
487
486
486
485
485
485
484
484
484
483
483
482
482
481
481
480
480
480
480
478
478
478
478
477
476
475
474
474
473
472
471
471
470
470
470
470
469
469
469
469
468
467
467
467
467
467
466
466
466
466
465
464
464
464
464
464
463
463
462
462
462
462
462
461
461
461
460
459
459
459
459
458
458
458
458
457
457
456
456
456
456
456
455
455
455
454
454
454
453
453
452
452
452
452
452
451
450
450
450
450
450
449
449
449
448
448
447
446
446
446
445
445
445
445
445
445
444
444
444
443
443
443
443
442
442
442
441
440
440
439
439
439
439
439
439
439
439
438
438
438
437
436
436
436
436
435
435
435
435
435
435
434
434
434
434
433
432
431
431
431
430
430
430
430
430
429
429
429
428
428
428
428
427
426
426
426
426
426
425
425
425
425
424
424
423
423
422
421
421
420
420
420
420
420
419
419
419
419
419
418
417
417
416
416
416
416
415
415
414
414
414
414
414
414
414
413
412
412
412
412
412
412
411
411
411
410
410
410
410
410
410
409
408
408
408
408
408
408
407
407
407
406
406
406
405
405
405
405
404
404
404
402
401
401
401
401
401
401
400
400
399
399
399
399
399
398
398
398
398
398
397
397
397
397
396
396
396
395
395
395
394
394
394
394
393
393
393
393
393
392
392
392
391
391
391
391
391
391
390
390
390
390
390
389
389
389
387
386
386
386
386
385
385
384
384
384
383
383
383
383
382
382
382
381
381
381
381
381
380
380
380
379
379
379
379
378
378
378
378
377
377
377
377
376
376
376
376
375
375
375
375
375
374
374
374
374
374
374
374
374
373
373
372
372
371
371
371
370
370
370
370
370
370
370
370
370
370
370
370
369
369
369
368
368
368
368
367
367
367
366
366
365
365
365
365
365
365
365
364
363
363
363
363
363
363
362
362
361
361
361
361
361
360
360
360
360
360
360
359
359
358
358
358
358
358
357
356
356
356
356
356
356
355
354
353
353
352
352
352
352
352
351
351
350
350
350
349
349
349
349
348
348
348
348
348
347
347
347
347
345
345
345
345
345
344
344
344
343
343
343
342
342
342
341
341
340
340
340
340
340
339
339
339
339
339
339
338
338
337
337
337
337
337
337
336
336
336
335
335
334
333
333
333
333
333
333
332
332
332
332
332
331
331
331
331
331
331
331
331
330
330
330
330
329
329
329
329
328
328
328
328
328
327
327
327
326
326
326
326
326
325
325
325
324
324
324
324
324
324
324
324
323
323
323
323
323
323
323
323
322
322
322
322
321
321
321
320
320
320
320
319
319
319
319
319
319
319
319
318
318
318
318
318
318
318
318
318
318
317
317
317
317
317
316
316
316
316
316
316
315
315
315
315
315
314
314
314
314
314
314
314
314
313
313
313
312
312
312
311
311
311
310
310
310
310
310
310
310
310
310
309
309
309
309
309
308
308
308
308
308
307
307
307
307
307
307
306
306
306
305
305
305
305
304
304
304
304
304
304
304
303
303
303
303
303
303
303
302
302
302
302
302
302
301
301
301
301
301
301
301
301
301
300
300
300
300
300
300
300
299
299
299
299
298
298
298
297
297
297
297
297
297
296
296
296
296
296
295
294
293
293
293
293
292
292
292
292
292
292
291
291
291
291
291
291
291
291
291
291
290
290
290
290
290
290
289
289
289
288
288
288
288
288
288
288
288
287
287
287
287
286
286
286
286
286
286
285
285
285
285
284
284
284
284
283
283
283
282
282
282
281
281
281
281
281
281
281
281
280
280
280
280
279
279
279
279
279
279
279
279
279
278
278
278
278
278
278
278
277
277
277
277
277
277
276
276
276
276
276
276
276
275
275
275
275
275
274
274
274
274
274
274
274
273
273
273
273
273
273
273
273
272
272
272
271
271
271
271
271
271
271
271
271
270
270
270
270
270
270
270
270
270
270
269
269
269
269
269
269
269
269
269
269
268
268
268
268
268
267
267
267
267
266
266
266
266
266
266
266
265
265
265
265
265
265
265
265
265
264
264
264
264
263
263
263
263
263
263
263
262
262
262
262
262
262
262
262
262
262
261
261
261
261
260
260
260
260
260
260
259
259
259
259
259
259
259
258
258
258
258
257
257
257
257
257
257
257
256
256
256
256
255
255
255
255
255
255
255
255
254
254
254
254
254
254
253
253
253
252
252
252
252
252
252
252
252
252
251
251
251
251
251
251
251
250
250
250
250
249
249
249
249
249
248
248
248
248
248
248
248
247
247
247
246
246
246
246
246
246
246
245
245
245
245
244
244
244
244
244
244
244
244
244
244
243
243
243
243
243
243
243
243
243
243
242
242
242
242
242
242
241
241
241
241
241
241
240
240
240
240
240
240
240
239
239
239
239
239
239
239
239
238
238
238
238
238
238
238
238
237
237
237
237
237
237
237
237
237
237
236
236
236
236
236
235
235
235
235
235
235
235
234
234
234
234
234
234
233
233
233
233
233
233
233
233
232
232
232
232
232
232
231
231
231
231
231
231
231
230
230
229
229
229
229
229
229
229
229
229
228
228
228
228
227
227
227
227
227
227
227
227
227
226
226
226
226
226
226
226
226
226
226
226
226
226
225
225
225
225
225
225
225
224
224
224
224
224
224
224
224
224
224
224
223
223
223
223
223
223
223
223
223
223
223
222
222
222
222
221
221
221
221
221
221
221
221
221
221
221
220
220
220
220
220
220
220
219
219
219
219
219
219
219
219
219
219
219
219
219
219
218
218
218
218
218
218
217
217
217
217
217
217
217
217
216
216
216
215
215
215
215
215
215
215
215
215
215
215
215
215
215
214
214
214
214
214
214
214
214
213
213
213
213
213
213
212
212
212
212
212
212
212
212
212
212
211
211
211
211
211
211
211
211
211
210
210
210
210
210
210
210
210
209
209
209
209
209
209
209
209
208
208
208
208
208
208
208
208
208
208
207
207
207
207
207
207
207
207
207
206
206
206
206
206
206
205
205
205
205
205
205
205
205
205
205
205
204
204
204
204
204
204
204
204
204
203
203
203
203
203
203
203
203
203
203
203
203
203
202
202
202
202
202
202
202
202
202
201
201
201
201
201
201
201
201
201
200
200
200
200
200
200
200
199
199
199
199
199
199
199
199
199
199
198
198
198
198
198
198
198
198
198
197
197
197
197
197
197
197
197
196
196
196
196
196
196
196
196
195
195
195
195
195
195
195
195
195
195
195
194
194
194
194
194
194
194
194
194
194
194
194
194
194
194
193
193
193
193
193
193
193
193
193
192
192
192
192
192
192
192
192
192
192
192
192
191
191
191
191
191
191
191
191
191
191
190
190
190
190
189
189
189
189
189
188
188
188
188
188
188
188
188
188
188
188
187
187
187
187
187
187
187
187
187
187
187
187
187
186
186
186
186
186
186
186
185
185
185
185
185
185
185
185
185
184
184
184
184
184
184
184
183
183
183
183
183
183
183
183
183
183
182
182
182
182
182
182
182
182
182
182
182
182
181
181
181
181
181
181
181
181
181
181
181
181
181
181
180
180
180
180
180
180
180
180
179
179
179
179
179
179
179
179
179
179
179
179
178
178
178
178
178
178
178
177
177
177
177
177
177
177
177
177
177
176
176
176
176
176
176
176
176
176
176
176
176
176
175
175
175
175
174
174
174
174
174
174
174
174
174
174
174
174
174
174
174
174
174
174
174
173
173
173
173
173
173
173
173
173
172
172
172
172
172
172
172
171
171
171
171
171
171
171
171
170
170
170
170
170
170
170
170
170
170
170
169
169
169
169
169
169
169
169
169
169
169
169
169
169
169
168
168
168
168
168
168
168
167
167
167
167
167
167
167
166
166
166
166
166
166
166
166
166
166
166
166
166
165
165
165
165
165
165
165
165
164
164
164
164
164
164
164
164
164
164
163
163
163
163
163
163
163
163
163
163
163
163
162
162
162
162
162
162
162
161
161
161
161
160
160
160
160
160
160
160
160
160
160
159
159
159
159
159
159
159
159
159
159
158
158
158
158
158
158
158
158
158
158
158
158
157
157
157
157
157
157
157
157
157
157
157
157
157
157
157
157
156
156
156
156
156
156
156
156
156
156
156
156
155
155
155
155
155
155
155
155
155
155
154
154
154
154
154
154
154
154
154
154
154
153
153
153
153
153
153
153
153
153
153
153
153
152
152
152
152
152
152
152
152
152
152
152
152
151
151
151
151
151
151
151
151
151
151
151
151
151
151
151
151
151
151
151
151
150
150
150
150
150
150
150
150
150
150
150
150
150
150
150
150
150
150
150
150
150
149
149
149
149
149
149
149
149
149
149
149
149
149
148
148
148
148
148
148
148
148
148
148
148
148
147
147
147
147
147
147
147
147
147
147
147
147
147
147
147
146
146
146
146
146
146
146
146
146
146
146
146
146
145
145
145
145
145
145
145
145
145
145
145
145
145
145
145
145
144
144
144
144
144
144
144
144
144
144
143
143
143
143
143
143
143
143
143
143
143
143
143
143
143
142
142
142
142
142
142
142
142
142
142
142
142
142
141
141
141
141
141
141
141
141
141
141
141
141
141
141
141
140
140
140
140
140
140
140
140
140
140
140
140
140
140
140
139
139
139
139
139
139
139
139
139
139
139
139
138
138
138
138
138
138
138
138
138
138
138
138
138
138
138
137
137
137
137
137
137
137
137
137
137
137
137
137
137
137
136
136
136
136
136
136
136
136
136
136
136
136
136
136
135
135
135
135
135
135
135
135
135
135
134
134
134
134
134
134
134
134
134
134
134
134
134
134
134
133
133
133
133
133
133
133
133
133
133
133
133
133
133
133
133
133
133
133
133
133
133
132
132
132
132
132
132
132
132
132
132
132
132
132
131
131
131
131
131
131
131
131
131
131
131
131
131
130
130
130
130
130
130
130
130
130
130
130
130
130
129
129
129
129
129
129
129
129
129
129
129
129
129
129
129
129
129
129
129
129
128
128
128
128
128
128
128
128
128
128
127
127
127
127
127
127
127
127
127
127
127
127
126
126
126
126
126
126
126
126
126
126
126
126
126
126
126
126
126
125
125
125
125
125
125
125
125
125
125
125
125
125
125
124
124
124
124
124
124
124
124
124
124
124
124
124
124
124
124
124
123
123
123
123
123
123
123
123
123
123
123
123
122
122
122
122
122
122
122
122
122
122
122
122
122
122
121
121
121
121
121
121
121
121
121
121
121
121
121
121
121
121
120
120
120
120
120
120
120
120
120
120
120
120
120
120
120
120
120
120
120
120
120
119
119
119
119
119
119
119
119
119
119
119
119
119
119
119
119
118
118
118
118
118
118
118
118
118
118
118
118
118
117
117
117
117
117
117
117
117
117
117
117
117
117
117
117
116
116
116
116
116
116
116
116
116
116
116
116
116
115
115
115
115
115
115
115
115
115
115
115
115
115
115
114
114
114
114
114
114
114
114
114
114
114
114
114
114
114
114
113
113
113
113
113
113
113
113
113
113
113
113
113
113
113
113
113
113
112
112
112
112
112
112
112
112
112
112
112
112
112
112
112
112
112
111
111
111
111
111
111
111
111
111
111
111
111
111
111
111
111
111
111
110
110
110
110
110
110
110
110
110
110
110
110
110
109
109
109
109
109
109
109
109
109
109
109
109
109
109
109
109
109
109
108
108
108
108
108
108
108
108
108
108
108
108
107
107
107
107
107
107
107
107
107
107
107
107
107
107
106
106
106
106
106
106
106
106
106
106
106
106
106
106
106
105
105
105
105
105
105
105
105
105
105
105
105
104
104
104
104
104
104
104
104
104
104
104
104
104
104
104
104
104
104
104
104
104
103
103
103
103
103
103
103
103
103
103
103
103
103
103
103
103
103
103
103
103
103
102
102
102
102
102
102
102
102
102
102
102
102
102
102
101
101
101
101
101
101
101
101
101
101
101
101
101
101
101
101
101
101
101
101
101
101
100
100
100
100
100
100
100
100
100
100
100
100
100
100
100
100
100
100
100
99
99
99
99
99
99
99
99
99
99
99
99
99
99
99
99
99
99
99
99
99
98
98
98
98
98
98
98
98
98
98
98
98
98
98
98
98
98
97
97
97
97
97
97
97
97
97
97
97
97
97
97
97
97
97
97
96
96
96
96
96
96
96
96
96
96
96
96
96
95
95
95
95
95
95
95
95
95
95
95
95
95
95
95
95
95
95
95
95
95
95
94
94
94
94
94
94
94
94
94
94
94
94
94
94
94
94
94
93
93
93
93
93
93
93
93
93
93
93
93
93
93
93
93
93
93
92
92
92
92
92
92
92
92
92
92
92
92
92
92
92
92
92
92
92
92
91
91
91
91
91
91
91
91
91
91
91
91
91
91
91
91
91
90
90
90
90
90
90
90
90
90
90
90
90
90
90
90
90
90
90
90
90
90
89
89
89
89
89
89
89
89
89
89
89
89
89
89
89
89
89
89
89
88
88
88
88
88
88
88
88
88
88
88
88
88
88
88
88
88
88
88
88
88
88
88
87
87
87
87
87
87
87
87
87
87
86
86
86
86
86
86
86
86
86
86
86
86
86
86
86
86
86
86
85
85
85
85
85
85
85
85
85
85
85
85
85
85
85
85
85
85
84
84
84
84
84
84
84
84
84
84
84
84
84
84
84
84
84
84
84
84
84
84
84
84
83
83
83
83
83
83
83
83
83
83
83
83
83
83
83
83
83
83
82
82
82
82
82
82
82
82
82
82
82
82
82
82
82
82
82
82
82
81
81
81
81
81
81
81
81
81
81
80
80
80
80
80
80
80
80
80
80
80
80
80
80
80
80
80
80
80
80
79
79
79
79
79
79
79
79
79
79
79
79
79
79
79
79
79
79
79
79
79
79
79
79
79
79
79
79
79
78
78
78
78
78
78
78
78
78
78
78
78
78
78
78
78
78
78
78
78
78
78
77
77
77
77
77
77
77
77
77
77
77
77
77
77
77
77
77
77
77
77
77
77
77
77
77
77
77
76
76
76
76
76
76
76
76
76
76
76
76
76
76
76
76
76
76
76
76
76
76
76
76
76
76
76
75
75
75
75
75
75
75
75
75
75
75
75
75
75
75
75
75
75
75
75
75
75
74
74
74
74
74
74
74
74
74
74
74
74
74
74
74
74
74
74
74
74
73
73
73
73
73
73
73
73
73
73
73
73
73
73
73
73
73
73
73
73
73
73
73
72
72
72
72
72
72
72
72
72
72
72
72
72
72
72
72
72
72
72
72
72
72
72
72
72
72
72
71
71
71
71
71
71
71
71
71
71
71
71
71
71
71
71
71
71
71
71
71
71
71
71
71
70
70
70
70
70
70
70
70
70
70
70
70
70
70
70
70
70
70
70
70
70
69
69
69
69
69
69
69
69
69
69
69
69
69
69
69
69
69
68
68
68
68
68
68
68
68
68
68
68
68
68
68
68
68
68
68
68
68
67
67
67
67
67
67
67
67
67
67
67
67
67
67
67
67
67
67
67
67
67
66
66
66
66
66
66
66
66
66
66
66
66
66
66
66
66
66
66
66
65
65
65
65
65
65
65
65
65
65
65
65
65
65
65
65
65
65
65
65
65
65
65
64
64
64
64
64
64
64
64
64
64
64
64
64
64
64
64
64
64
63
63
63
63
63
63
63
63
63
63
63
63
63
63
63
63
63
63
63
63
63
63
63
63
63
63
63
63
63
63
63
62
62
62
62
62
62
62
62
62
62
62
62
62
62
62
62
62
62
62
62
62
62
62
62
62
62
62
62
61
61
61
61
61
61
61
61
61
61
61
61
61
61
61
61
61
61
61
61
61
61
61
61
61
61
61
61
61
61
60
60
60
60
60
60
60
60
60
60
60
60
60
60
60
60
60
60
60
60
59
59
59
59
59
59
59
59
59
59
59
59
59
59
59
59
59
59
59
59
59
59
59
59
59
59
59
59
59
59
59
59
58
58
58
58
58
58
58
58
58
58
58
58
58
58
58
58
58
58
58
58
58
58
58
58
58
57
57
57
57
57
57
57
57
57
57
57
57
57
57
57
57
57
56
56
56
56
56
56
56
56
56
56
56
56
56
56
56
56
56
56
56
56
56
56
55
55
55
55
55
55
55
55
55
55
55
55
55
55
55
55
55
55
55
55
55
55
55
55
55
55
55
55
55
54
54
54
54
54
54
54
54
54
54
54
54
54
54
54
54
54
54
54
54
54
54
54
54
53
53
53
53
53
53
53
53
53
53
53
53
53
53
53
53
53
53
53
53
53
53
53
53
53
52
52
52
52
52
52
52
52
52
52
52
52
52
52
52
52
52
52
52
52
52
52
52
52
52
52
52
52
52
52
51
51
51
51
51
51
51
51
51
51
51
51
51
51
51
51
51
51
51
51
51
51
51
51
51
51
51
51
50
50
50
50
50
50
50
50
50
50
50
50
50
50
50
50
50
50
50
50
50
50
50
50
50
50
50
50
50
50
49
49
49
49
49
49
49
49
49
49
49
49
49
49
49
49
49
49
49
49
49
49
49
49
49
49
49
49
49
49
49
49
49
49
49
48
48
48
48
48
48
48
48
48
48
48
48
48
48
48
48
48
48
48
48
47
47
47
47
47
47
47
47
47
47
47
47
47
47
47
47
47
47
47
47
47
47
47
47
47
47
47
46
46
46
46
46
46
46
46
46
46
46
46
46
46
46
46
46
46
46
46
46
46
46
46
46
46
46
46
46
45
45
45
45
45
45
45
45
45
45
45
45
45
45
45
45
45
45
45
45
45
45
45
44
44
44
44
44
44
44
44
44
44
44
44
44
44
44
44
44
44
44
44
44
44
43
43
43
43
43
43
43
43
43
43
43
43
43
43
43
43
43
43
43
43
43
42
42
42
42
42
42
42
42
42
42
42
42
42
42
42
42
42
42
42
42
42
42
42
42
42
42
42
42
42
42
42
41
41
41
41
41
41
41
41
41
41
41
41
41
41
41
41
41
41
41
41
41
41
41
41
41
41
41
41
41
41
41
40
40
40
40
40
40
40
40
40
40
40
40
40
40
40
40
40
40
40
40
40
40
40
40
40
40
40
40
40
40
40
39
39
39
39
39
39
39
39
39
39
39
39
39
39
39
39
39
39
39
39
39
38
38
38
38
38
38
38
38
38
38
38
38
38
38
38
38
38
38
38
38
38
38
38
38
38
38
38
38
38
37
37
37
37
37
37
37
37
37
37
37
37
37
37
37
37
37
37
37
37
37
37
37
37
37
37
37
37
37
36
36
36
36
36
36
36
36
36
36
36
36
36
36
36
36
36
36
36
36
36
36
36
36
36
36
36
35
35
35
35
35
35
35
35
35
35
35
35
35
35
35
35
35
35
35
35
35
35
35
35
35
35
35
35
35
34
34
34
34
34
34
34
34
34
34
34
34
34
34
34
34
34
34
34
34
34
34
34
34
34
34
34
34
34
34
34
34
34
34
33
33
33
33
33
33
33
33
33
33
33
33
33
33
33
33
33
33
33
33
33
33
33
33
33
33
33
33
33
33
33
33
32
32
32
32
32
32
32
32
32
32
32
32
32
32
32
32
32
32
32
32
32
32
32
32
32
32
32
32
31
31
31
31
31
31
31
31
31
31
31
31
31
31
31
31
31
31
31
31
31
31
31
31
31
31
31
31
31
31
31
30
30
30
30
30
30
30
30
30
30
30
30
30
30
30
30
30
30
30
30
30
30
30
30
30
30
30
29
29
29
29
29
29
29
29
29
29
29
29
29
29
29
29
29
29
29
29
29
29
29
29
29
28
28
28
28
28
28
28
28
28
28
28
28
28
28
28
28
28
28
28
28
28
28
28
28
28
28
28
28
28
28
28
28
28
28
28
28
28
28
28
28
28
28
28
27
27
27
27
27
27
27
27
27
27
27
27
27
27
27
27
27
27
27
27
27
27
27
27
27
27
27
27
26
26
26
26
26
26
26
26
26
26
26
26
26
26
26
26
26
26
26
26
26
26
26
26
26
26
26
25
25
25
25
25
25
25
25
25
25
25
25
25
25
25
25
25
25
25
25
25
25
25
25
25
25
24
24
24
24
24
24
24
24
24
24
24
24
24
24
24
24
24
24
24
24
24
24
24
24
24
24
24
24
24
24
24
23
23
23
23
23
23
23
23
23
23
23
23
23
23
23
23
23
23
23
23
22
22
22
22
22
22
22
22
22
22
22
22
22
22
22
22
22
22
22
22
22
22
22
21
21
21
21
21
21
21
21
21
21
21
21
21
21
21
21
21
21
21
21
21
20
20
20
20
20
20
20
20
20
20
20
20
20
20
20
20
20
20
20
20
20
20
20
19
19
19
19
19
19
19
19
19
19
19
19
19
19
19
19
19
19
19
19
19
19
18
18
18
18
18
18
18
18
18
18
18
18
18
18
18
18
18
18
18
17
17
17
17
17
17
17
17
17
17
16
16
16
16
16
16
16
16
16
16
16
16
16
16
16
16
16
16
16
16
16
16
16
16
16
16
16
16
15
15
15
15
15
15
15
15
15
15
15
15
15
15
15
15
15
15
14
14
14
14
14
14
14
14
14
14
14
14
14
14
14
14
13
13
13
13
13
13
13
13
13
13
13
13
13
13
13
12
12
12
12
12
12
12
12
12
12
12
12
12
12
12
12
12
12
11
11
11
11
11
11
11
11
11
11
11
11
11
11
11
11
11
11
10
10
10
10
10
10
10
10
10
10
10
10
10
10
10
9
9
9
9
9
9
9
9
9
9
9
9
9
8
8
8
8
8
8
8
8
8
8
7
7
7
7
7
7
7
7
6
6
6
6
6
6
6
6
6
6
6
5
5
5
5
4
4
4
4
3
3
3
2
0
0
0
0
0
0
0
0
0
0
0
0
0
0
0
0